AZ19                61204     500006139044        E006683263          08/04/20167501125118333       1    161.16         0.00           161.16         69.07     
AZ19                61204     500006142235        E006684978          08/04/20167502001165151       1    8.10           0.00           8.10           0.00      
AZ19                61204     500006132526        E006679829          08/04/20167502216930186       1    174.29         0.00           174.29         74.70     
AZ19                61204     500006141429        E006684599          08/04/20167501050699990       1    148.52         0.00           148.52         0.00      
AZ19                61204     500006139112        E006683290          08/04/20167501092776413       2    326.82         0.00           326.82         0.00      
AZ19                61204     500006139501        E006683590          08/04/20167501092776413       2    326.82         0.00           326.82         0.00      
AZ19                61204     500006139112        E006683290          08/04/20167502257270067       2    635.58         0.00           635.58         0.00      
AZ19                61204     500006139044        E006683263          08/04/20167501298205205       1    92.48          0.00           92.48          39.64     
AZ19                61204     500006141009        E006684451          08/04/20167501314703647       1    170.69         0.00           170.69         0.00      
AZ19                61204     500006139044        E006683263          08/04/20167501300407047       1    65.86          0.00           65.86          28.23     
AZ19                61204     500006141726        E006684740          08/04/20167501300407047       1    94.09          0.00           94.09          0.00      
AZ19                61204     500006141429        E006684599          08/04/20167501070900441       1    115.66         0.00           115.66         0.00      
AZ19                61204     500006139969        E006683930          08/04/20167501573905363       1    9.10           0.00           9.10           3.90      
AZ19                61204     500006141726        E006684740          08/04/20167501033921285       1    363.20         0.00           363.20         0.00      
AZ19                61204     500006141009        E006684451          08/04/20167501109902866       1    55.05          0.00           55.05          0.00      
AZ19                61204     500006141429        E006684599          08/04/20167501109902866       1    55.05          0.00           55.05          0.00      
AZ19                61204     500006139501        E006683590          08/04/20167501299303474       1    287.70         0.00           287.70         0.00      
AZ19                61204     500006145878        E006686325          09/04/20167501314701773       1    209.68         0.00           209.68         0.00      
AZ19                61204     500006145878        E006686325          09/04/20167501075713770       1    16.80          0.00           16.80          0.00      
AZ19                61204     500006145878        E006686325          09/04/20167501871720675       1    104.89         0.00           104.89         0.00      
AZ19                61204     500006148862        E006688097          11/04/20167501250810645       1    204.18         0.00           204.18         0.00      
AZ19                61204     5000061477490       E006687342          11/04/20167501250813639       1    394.16         0.00           394.16         0.00      
AZ19                61204     500006148862        E006688097          11/04/20167501250813608       1    391.43         0.00           391.43         0.00      
AZ19                61204     500006149487        E006688559          11/04/20167501250813608       1    384.31         0.00           384.31         96.08     
AZ19                61204     5000006139846       E006683806          11/04/201675049737            1    10.70          0.00           10.70          0.00      
AZ19                61204     5000061477490       E006687342          11/04/20167501289514460       1    178.35         0.00           178.35         0.00      
AZ19                61204     5000006139846       E006683806          11/04/20167501361680281       1    30.28          0.00           30.28          0.00      
AZ19                61204     500006149371        E006688484          11/04/20167501124855208       1    215.28         0.00           215.28         53.82     
AZ19                61204     500006148862        E006688097          11/04/20167501124763022       1    244.03         0.00           244.03         0.00      
