            COF51655     61204        500005307819          E00630718517/11/2015               L8710    1         288.15          46.10         334.25         0      0.00 %
            COF51655     61204        500005308267          E00630734017/11/2015               87086    1         153.31          24.53         177.84         0      0.00 %
            COF51655     61204        500005307819          E00630718517/11/2015               81001    1          75.29          12.05          87.34         0      0.00 %
            COF51655     61204        500005373869          E00633798017/11/2015                1003    1         250.00          40.00         290.00         0      0.00 $
            COF51655     61204        500005372077          E00633694117/11/2015                1814    1         150.00          24.00         174.00         0      0.00 $
            COF51655     61204        500005374255          E00633824517/11/2015                1003    1         250.00          40.00         290.00         0      0.00 $
            COF51655     61204        500005375573          E00633890417/11/2015                1006    1         250.00          40.00         290.00         0      0.00 $
            COF51655     61204        500005375672          E00633901317/11/2015                1814    1         150.00          24.00         174.00         0      0.00 $
            COF51655     61204        500005382625          E00634234018/11/2015                1004    1         350.00          56.00         406.00         0      0.00 $
            COF51655     61204        500005382496          E00634227518/11/2015                1814    1         150.00          24.00         174.00         0      0.00 $
            COF51655     61204        500005383851          E00634281118/11/2015               LA877    1         188.90          30.22         219.12         0      0.00 %
            COF51655     61204        500005383851          E00634281118/11/2015               85031    1          99.24          15.88         115.12         0      0.00 %
            COF51655     61204        500005383851          E00634281118/11/2015                1814    1         150.00          24.00         174.00         0      0.00 $
            COF51655     61204        500005383851          E00634281118/11/2015               81001    1          75.29          12.05          87.34         0      0.00 %
            COF51655     61204        500005383851          E00634281118/11/2015                1568    1         408.61          65.38         473.99         0      0.00 %
            COF51655     61204        500005383851          E00634281118/11/2015               LA726    1         259.40          41.50         300.90         0      0.00 %
            COF51655     61204        500005383851          E00634281118/11/2015             93000FE    1         769.56         123.13         892.69         0      0.00 %
            COF51655     61204        500005383851          E00634281118/11/2015                1989    1         475.37          76.06         551.43         0      0.00 %
            COF51655     61204        500005384186          E00634297018/11/2015                1011    1         350.00          56.00         406.00         0      0.00 $
            COF51655     61204        500005385541          E00634368818/11/2015                1814    1         150.00          24.00         174.00         0      0.00 $
            COF51655     61204        500005382496          E00634227519/11/2015                1571    1         599.00          95.84         694.84         0      0.00 %
            COF51655     61204        500005382496          E00634227519/11/2015               84153    1         258.03          41.28         299.31         0      0.00 %
            COF51655     61204        500005389792          E00634575019/11/2015                1004    1         350.00          56.00         406.00         0      0.00 $
            COF51655     61204        500005389877          E00634579019/11/2015                1814    1         150.00          24.00         174.00         0      0.00 $
            COF51655     61204        500005390330          E00634602319/11/2015                1004    1         350.00          56.00         406.00         0      0.00 $
            COF51655     61204        500005389105          E00634535319/11/2015                1002    1         250.00          40.00         290.00         0      0.00 $
            COF51655     61204        500005391986          E00634694019/11/2015                1004    1         350.00          56.00         406.00         0      0.00 $
